$ANSIBLE_VAULT;1.1;AES256
32363635623933353266373430623236376333643439353634336536623264333331643833313333
6262303465373434623466646661303332623362326139350a343133636561346633643964393361
33316635323230346438643465633965376266626431363138353265316235613138643737633864
6439633637343530650a663464356331643936363730316435353763393261346431366633323739
64313765306333356330393462383637336663373835346234633665646661306665636433336633
66363730666463653961353265303635656662613738333135316539383035333438336139646535
36396234356565646535353937626435386435313736626437336530636531376430343733313231
32393862643130336330333930323432393937386539653766653165633139613364306566653933
37393533326561376137306133626134646432636131663666653934353032626564393936303135
33626536663638643631366361623535646538383962336233396637653439356661333963656463
35346265643034323162653336663135326130663633373930316630306639616261303038323439
62343463393934353934316435353131303738373061386366396637373136313033373436303535
37313835383731343632313835666634333263376664636337313032303230326637626265343331
36626666333036333736303535383339393136313663353764646461376432363436313462353632
61626333383962313036376536306239323762666366363933326231396264343637613435386638
62313538626532376166656234356266323461303234646663363835313266613534326133653865
64636336633438353061653237326339626335666564343433363436646234643961396335346437
31306666356561636465363135346366353539636132363565393932613965303935626433316334
31313162346532366234646636333266363263376163646539346166613230643538306233383933
30393630623564623330
