$ANSIBLE_VAULT;1.1;AES256
62393234346130303763343965656463636662343132356137653035356364386231633963633730
6331633737326339313239663765376430646532373231330a653030306636366231613531646534
37383631323465613563663062353933613862656166303035376265623935373636613030613133
3130356135386530320a663235303432353765356439666235663161336436303937633633653437
61616239363461366637383730373934303839343064366336616539386463616437373561646530
64633165633964306163373462326563333838643566343865373565366335656338326538623563
36626438663939386461356634646236303535353931386232383236396536376535613063653432
36666637616138613639393739356634663866666430616137616637343937316137343063373533
31666436353963623730613536383964343630333833653431366561656565653136333231333562
36616265313736363138343865353665616132303730316237343739653832383561313437313733
64663332323761363632343437333039343766393232306564306436613032323937646532633863
62633534353563313131373533623862623133646633393962663834303937623761383566303436
34393632616633363730326131303466656666383761663862336663656265623462623137636131
39313863636266313364656563333065336535343165613438346239646362356331363462333833
62316132306433383432396531616639633537313864336664353761623830636539643634326462
30666661636531373361306339346566663461616533643266346632396362666136353838366430
32383134363734393439396230316136636630383537396161333864333137386631383465313537
38343632656331656133613762306464663834363263626135643132636163626263343032623334
30323161326466373335666538313930643730306433386235613830613430313034343037653539
33393962356136326434326239373439303930323337336137323733656263646665616136643661
6235
