$ANSIBLE_VAULT;1.1;AES256
38323166313139336461643735643563316333643331323364366562363537333364343063643433
3362346330663531383834346365303131666239333634390a313666316130386435343739643932
37623534643532323564313063366263393565343435336464303137326230383961366332363961
6138386135633233330a613162343338306530373634613363613333613737343866313234643239
38666330373865333761303062386463666264323130663833353737666436393465636530663038
63333365626535373961643135333162613961333630393965643164343964623836366138363363
33313638386564653930633266633166636332336433383034616435346362386638356235303465
64616531623035626334333939316431326634346162653036366135366361326562336338383239
63613365326635376262333137626565303965656336643366366663663531393133353033306161
62353862363364663533633631353563323765613930323764313030623539316238666262613530
61613531333139666331306138663564643430343865643564633235643934313266313239393930
66643637326130376333363162623234383862316335326538613332663237653834666239383461
31353137323833656532613161663130363032313365303631393563626438353833326662666462
34343966393532313330376130386234386563336634616162643432313130646165373563396163
31633635616635396462353462633263376131386466386438343032303439373037636164663763
37323939383261393839303561376332336133323765653137303933363563393436303039346336
62333861623766373538366135376632666436363037666362653663383737313037396566613031
62363663316439333939366139326632613035373964373231356437643964383430333533373839
39333130653432333132663831636163653234616535613239396133313437643535616431323961
32613630323762366166
