$ANSIBLE_VAULT;1.1;AES256
62656162373937663565383934666530383939666232396438353738333130373166373835363762
6662303733633935666662623930663564333431623232390a626262636439663139613731313930
37323036613439666232623934356231626339633031643030666236643536346138366366333832
6663633162316432650a353437373830613135386563386363653831366530316461653539343434
62386539303436613238363136303865343638653932616530346462333231396637613836316261
36306437666338306138646538346233356336666633336334663133653961636538383630376539
38323234373838343261393964386562626635303235393763316137396230313039613862306233
34656433343836323333393361333666343464643633373832333838656134353935386236323839
37343330653761643830393736643639616366336633316162333666663134356361653032636264
62396130353231323664383261323635643638363062313264616166643066616265353632623133
61666138393132373536373864616139333039623539663338656661353865383435366538326435
31633866373364613430313966353431306232306130616133306437353037336533663637303761
61383561656432653365633131363833333832376633376131623866663266353665373933376434
64323332303865666264353439346630356435366433343731376534306162653336626136363538
30303137623830306230613436386131613331383437313364393263616539333837636466333534
31373864366631643134333865613366333535353039633737653935346639643164303531353531
37316431663233393330393339653934326361326336376334306131333137396338323063373733
31643636613064393633393534366534303335356262396136313132393131333737623236613031
31353338316436643532396137336465643966313864353131643534633139343465313830353734
33386331346539616139
