$ANSIBLE_VAULT;1.1;AES256
37383236343833646531636165326430656539353662306637643131613562646539396535373364
6661383035343231623966393532323639383736303532370a393539373235636533633532353263
37346336316330316433613561366462363434326665323636663934656333323839623764646438
3238353162373832660a363736363266366237633765633339326637653966336264656136376632
35363162666563636137373137373032303134323730326432376562353562633362353831373435
38323335306263643137393563666331356435363864333162316461336136353934656333623038
33346134303661383838396636353432623732613339626133363437376161306538366666653163
65376366636238633231613538356230366361326561393262376262626261633633656137333434
36353438343332616137343238356334646633633836333634323835313436626166633166656463
62623864323465326563366166616530303865646637396662653265326534373637323264323266
63663839333735663365656430313234323762396365373131646430643532626430636264663562
32656265326437653539323030393161373531633363653639636461636136323063633035366663
63336638393433636338613064666665323239643031316161653462396436333639303365343065
38353332393731306636613936316165663138613231366338666335666638393762363834313966
37653638316664396661323165613638353563333933643361373736316638626234316232383035
34356665326531306665353739666666343135336562656365666235613361626630643731386464
62353038396165653733616266616339336565633539643865363565333661343661343339396662
30373732666561623563623739326531613938636266643234633635393239386531393934616339
62666634306237653164663665633565376133363830646564333031653237303834613835326664
64613738633730666438
