$ANSIBLE_VAULT;1.1;AES256
32623264333735656366656638363361346136326631643064363265333161646335316335613562
3335353865333565613361363062383661306561373935370a333962376133303133333133646561
66383431366163333066346537363934663935653364653931633033343736396563663433666537
3131386461363962340a303635646333366433663534336465313530653830336434303833383737
62323930666238306536613232613037653134643334366534626637613862646364333339666337
37663933646564613334643730333431303536336133323339633438393638636130373537386165
63636531616338663131613764346633343461356363633937396262383432383664646237653639
65363863623132323764666636643366306164656662376334333931393430376162363931663062
31616261316564623736353236623039386230313632366465653765613339316431313735393362
65366163396661613236336532623531666666323361353161386630616162346531363037613935
63646231636364336233326233636265623632336237336664633938373534393533316461313866
62643139333035636532646137633933653064666562656137613636643166306638306535313939
36653634306535663832643636373961323737643836336433316562663031333334656561353437
38643930653339396161313565303930633961613962383935653434333738316637363838653239
39633539373466386436346538326230383338363566326438386237663061633230346166373339
61623764343962336535373239633839386435343033326166356663636131366239613730346161
66613965656330636635346361323766396461653933333434306664666533383062396363306237
64313737376436343136336138633666626633396263633238336134366266303935613261643766
37656137393632373339316635323661343263303335353932363834363134313337646664636262
36346264643763653165
