$ANSIBLE_VAULT;1.1;AES256
30636264386461303834613366633462353132663738343436643265663734363233626535616239
6432373665396334653862353566666538303864653264300a393265363266346232333065353639
39353362363763616433363566333661313463656330356635343935633636663930636165386662
3431623863633839340a313065363130633261323637646138636238633166633639623962363530
66353735306138333437353539663964306636353135613736363638623537326332353564643635
34303931633935306638326463336533633064386635386536356434303635366161633030353464
61363361646666303661323734336333313562303635396238653663306162366437383934343633
62353862313833396634386435306139343035373664393165666664656138346334326331376538
35646538666534666661386263333034636638313562383036646166656664363663653664366361
64363739643937353034303130343232623937623833313539306563616633336339646336636335
61313035306462663334343939653561336461633166666465626162613136373332376462316430
39666566383662613735346466666162626466396633643433333933346263323135343731383234
37356164663339393530323263363432383737346438616438646431643331343936623862386264
63636363333965656364636432383565633663396232633964626163653636633362316130653266
38363963656336626633663865333364346435633236656661643963663733633336366134366537
39316634386339313937313638616130393662623261396162656131656164636662653230623533
38346365643363376236323863393336363335306333303138303163613235646636646265306436
63326330616634303733376333376362326462616365393937663931393065336566363532306365
35646439643461343236633038343663306439363432666133623938383064613035343334323035
30333666396264363363
